1829662477
2104931705
1655038093
1661196902
1821310913
1845215855
2665139522
1952891925
1684784751
1566841942
1245643263
1837287505
1044670977
1646418703
1843821137
1958231132
1829908645
1846626683
1954974282
1971293175
1614706262
2468718581
3369755644
1865757543
1944120292
2759432532
1777383264
1231525303
1213329132
1971336973
1848042935
1676256421
2427565372
1646419781
1721985704
1764058821
1734055997
1967705811
2708380284
1756576735
2483448980
1830127347
1241701321
2098868362
1644700093
1645767494
1891088244
1751392562
1743023047
1784028131
1908599781
1879177040
1456820693
1918506507
1749202321
3190739060
1813886800
1572803810
1849537887
1634752545
2609827340
1657319255
2461788734
1943957265
1900260373
1855373554
1073084013
1785748853
1573459941
1615043514
1914152325
1726133934
2703427641
1957760340
2726085173
2536116592
2701534974
2320743603
3454606002
1699260442
1685998490
2010421101
1769160205
1069290177
2691717041
1663220407
2183302203
1896870354
1976566237
1736911165
1676848694
1272082692
2481611592
1630044955
1742589007
1651810521
2064957163
2134508032
1681902484
1875402351
1748407695
1867338235
1793011670
1686596902
2409725783
2294395253
1821846011
1600769002
1688161242
2867438723
1910166511
1774840945
2158268614
2322428375
1748945643
1847076791
1251302467
1398961525
1174305851
1421417172
1812031004
2654963531
2364972707
1914864954
2778919245
1923778745
2098910371
2182788730
1581286357
1824557225
2141944647
1866655835
2147559171
2127789014
1233650930
1308909441
1179534060
2041092172
2443613322
1704108367
1241941920
1272017243
2117305325
1381496360
1746905902
1830319382
1656061502
1736482432
1215135960
2673570090
1820301067
1586481425
1567437245
1629718223
1845328617
1270188702
1669866490
1828273514
1906038033
1691029061
2072912615
2684726573
1679412952
1621117883
1584285714
1167679155
2005242491
2172388503
3080767595
3032425515
2380893185
1658771391
2422065037
1760035201
2099473611
1714208271
1905400821
2007342753
1815197305
2668381327
1910786747
1796651332
1608464037
1824537894
2259177880
1470001140
1890577554
1810080664
2046586722
2096926664
1763911845
1242569167
1689328440
1363142032
1732662733
1971217467
2484863137
1785692303
1285456292
1797037781
1633259291
1877223905
